5.000000000000000278e-02 2.272142702149232264e+03
1.000000000000000056e-01 1.606647512513248103e+03
1.499999999999999944e-01 1.311822200723102924e+03
2.000000000000000111e-01 1.136071351074616132e+03
2.500000000000000000e-01 1.016133107317148074e+03
2.999999999999999889e-01 9.275983738423664136e+02
3.499999999999999778e-01 8.587892190195959756e+02
4.000000000000000222e-01 8.033237562566240513e+02
4.500000000000000111e-01 7.573809007164107925e+02
5.000000000000000000e-01 7.185146107721133149e+02
5.500000000000000444e-01 6.850768011975681020e+02
5.999999999999999778e-01 6.559111003615514619e+02
6.500000000000000222e-01 6.301790013669507289e+02
6.999999999999999556e-01 6.072556803786555975e+02
7.500000000000000000e-01 5.866647230420463757e+02
8.000000000000000444e-01 5.680356755373080659e+02
8.499999999999999778e-01 5.510755504375065357e+02
9.000000000000000222e-01 5.355491708377493296e+02
9.499999999999999556e-01 5.212652854722073243e+02
1.000000000000000000e+00 5.080665536585740369e+02
1.050000000000000044e+00 4.958221867781122683e+02
1.100000000000000089e+00 4.844224517603886966e+02
1.149999999999999911e+00 4.737745041927057059e+02
1.199999999999999956e+00 4.637991869211832068e+02
1.250000000000000000e+00 4.544285404298464641e+02
1.300000000000000044e+00 4.456038452279374269e+02
1.350000000000000089e+00 4.372740669077009557e+02
1.399999999999999911e+00 4.293946095097979878e+02
1.449999999999999956e+00 4.219263074621221108e+02
1.500000000000000000e+00 4.148346039459588042e+02
1.550000000000000044e+00 4.080888762674453574e+02
1.600000000000000089e+00 4.016618781283120256e+02
1.649999999999999911e+00 3.955292755869836583e+02
1.699999999999999956e+00 3.896692586604701773e+02
1.750000000000000000e+00 3.840622144143544006e+02
1.800000000000000044e+00 3.786904503582053962e+02
1.850000000000000089e+00 3.735379592465918677e+02
1.899999999999999911e+00 3.685902181545393432e+02
1.949999999999999956e+00 3.638340160768585747e+02
2.000000000000000000e+00 3.592573053860566574e+02
2.049999999999999822e+00 3.548490733423881238e+02
2.100000000000000089e+00 3.505992305335461197e+02
2.149999999999999911e+00 3.464985136694190828e+02
2.200000000000000178e+00 3.425384005987840510e+02
2.250000000000000000e+00 3.387110357723826723e+02
2.299999999999999822e+00 3.350091646679566111e+02
2.350000000000000089e+00 3.314260759310009234e+02
2.399999999999999911e+00 3.279555501807757310e+02
2.450000000000000178e+00 3.245918145927474256e+02
2.500000000000000000e+00 3.213295025026495750e+02
2.549999999999999822e+00 3.181636173889156112e+02
2.600000000000000089e+00 3.150895006834753644e+02
2.649999999999999911e+00 3.121028029391167138e+02
2.700000000000000178e+00 3.091994579474554712e+02
2.750000000000000000e+00 3.063756594571743221e+02
2.799999999999999822e+00 3.036278401893277987e+02
2.850000000000000089e+00 3.009526528865860087e+02
2.899999999999999911e+00 2.983469531674667223e+02
2.950000000000000178e+00 2.958077839858350444e+02
3.000000000000000000e+00 2.933323615210231878e+02
3.049999999999999822e+00 2.909180623454870442e+02
3.100000000000000089e+00 2.885624117355085332e+02
3.149999999999999911e+00 2.862630730065320108e+02
3.200000000000000178e+00 2.840178377686540330e+02
3.250000000000000000e+00 2.818246170098869356e+02
3.299999999999999822e+00 2.796814329253589335e+02
3.350000000000000089e+00 2.775864114198055859e+02
3.399999999999999911e+00 2.755377752187532678e+02
3.450000000000000178e+00 2.735338375308401169e+02
3.500000000000000000e+00 2.715729962099118211e+02
3.549999999999999822e+00 2.696537283709728285e+02
3.600000000000000089e+00 2.677745854188746648e+02
3.649999999999999911e+00 2.659341884528621449e+02
3.700000000000000178e+00 2.641312240138493621e+02
3.750000000000000000e+00 2.623644401446206302e+02
3.799999999999999822e+00 2.606326427361036622e+02
3.850000000000000089e+00 2.589346921354859319e+02
3.899999999999999911e+00 2.572694999942820004e+02
3.950000000000000178e+00 2.556360263365463652e+02
4.000000000000000000e+00 2.540332768292870185e+02
4.049999999999999822e+00 2.524603002388035691e+02
4.099999999999999645e+00 2.509161860581652093e+02
4.150000000000000355e+00 2.494000622923858828e+02
4.200000000000000178e+00 2.479110933890561341e+02
4.250000000000000000e+00 2.464484783032757491e+02
4.299999999999999822e+00 2.450114486867058758e+02
4.349999999999999645e+00 2.435992671914410153e+02
4.400000000000000355e+00 2.422112258801943483e+02
4.450000000000000178e+00 2.408466447350108410e+02
4.500000000000000000e+00 2.395048702573710955e+02
4.549999999999999822e+00 2.381852741531405968e+02
4.599999999999999645e+00 2.368872520963528530e+02
4.650000000000000355e+00 2.356102225663014451e+02
4.700000000000000178e+00 2.343536257528583633e+02
4.750000000000000000e+00 2.331169225253378272e+02
4.799999999999999822e+00 2.318995934605916034e+02
4.849999999999999645e+00 2.307011379263561821e+02
4.900000000000000355e+00 2.295210732161782801e+02
4.950000000000000178e+00 2.283589337325226722e+02
5.000000000000000000e+00 2.272142702149232321e+02
5.049999999999999822e+00 2.260866490102704063e+02
5.099999999999999645e+00 2.249756513825443847e+02
5.150000000000000355e+00 2.238808728594969750e+02
5.200000000000000178e+00 2.228019226139687134e+02
5.250000000000000000e+00 2.217384228776913062e+02
5.299999999999999822e+00 2.206900083855781531e+02
5.349999999999999645e+00 2.196563258486475547e+02
5.400000000000000355e+00 2.186370334538504778e+02
5.450000000000000178e+00 2.176318003891948081e+02
5.500000000000000000e+00 2.166403063926683785e+02
5.549999999999999822e+00 2.156622413235632791e+02
5.599999999999999645e+00 2.146973047548989939e+02
5.650000000000000355e+00 2.137452055857279163e+02
5.700000000000000178e+00 2.128056616721861758e+02
5.750000000000000000e+00 2.118783994762297880e+02
5.799999999999999822e+00 2.109631537310610554e+02
5.849999999999999645e+00 2.100596671223169380e+02
5.900000000000000355e+00 2.091676899841493480e+02
5.950000000000000178e+00 2.082869800093820061e+02
6.000000000000000000e+00 2.074173019729794021e+02
6.049999999999999822e+00 2.065584274681120291e+02
6.099999999999999645e+00 2.057101346541447242e+02
6.150000000000000355e+00 2.048722080159170673e+02
6.200000000000000178e+00 2.040444381337226787e+02
6.250000000000000000e+00 2.032266214634296091e+02
6.299999999999999822e+00 2.024185601262184946e+02
6.349999999999999645e+00 2.016200617074439378e+02
6.400000000000000355e+00 2.008309390641560128e+02
6.450000000000000178e+00 2.000510101408443688e+02
6.500000000000000000e+00 1.992800977929926773e+02
6.549999999999999822e+00 1.985180296180556638e+02
6.599999999999999645e+00 1.977646377934918291e+02
6.650000000000000355e+00 1.970197589215072469e+02
6.700000000000000178e+00 1.962832338801834453e+02
6.750000000000000000e+00 1.955549076806821063e+02
6.799999999999999822e+00 1.948346293302350887e+02
6.849999999999999645e+00 1.941222517006450232e+02
6.900000000000000355e+00 1.934176314020364202e+02
6.950000000000000178e+00 1.927206286616114426e+02
7.000000000000000000e+00 1.920311072071772003e+02
7.049999999999999822e+00 1.913489341552247254e+02
7.099999999999999645e+00 1.906739799033502152e+02
7.150000000000000355e+00 1.900061180268216674e+02
7.200000000000000178e+00 1.893452251791026981e+02
7.250000000000000000e+00 1.886911809961563904e+02
7.299999999999999822e+00 1.880438680043600925e+02
7.349999999999999645e+00 1.874031715318718625e+02
7.400000000000000355e+00 1.867689796232959338e+02
7.450000000000000178e+00 1.861411829575037586e+02
7.500000000000000000e+00 1.855196747684732657e+02
7.549999999999999822e+00 1.849043507690161334e+02
7.599999999999999645e+00 1.842951090772696716e+02
7.650000000000000355e+00 1.836918501458355308e+02
7.700000000000000178e+00 1.830944766934531174e+02
7.750000000000000000e+00 1.825028936391016430e+02
7.799999999999999822e+00 1.819170080384292874e+02
7.849999999999999645e+00 1.813367290224125270e+02
7.900000000000000355e+00 1.807619677381547945e+02
7.950000000000000178e+00 1.801926372917357355e+02
8.000000000000000000e+00 1.796286526930283287e+02
8.050000000000000711e+00 1.790699308024039169e+02
8.099999999999999645e+00 1.785163902792497765e+02
8.150000000000000355e+00 1.779679515322261238e+02
8.199999999999999289e+00 1.774245366711940619e+02
8.250000000000000000e+00 1.768860694607487005e+02
8.300000000000000711e+00 1.763524752752934432e+02
8.349999999999999645e+00 1.758236810555967509e+02
8.400000000000000355e+00 1.752996152667730598e+02
8.449999999999999289e+00 1.747802078576332292e+02
8.500000000000000000e+00 1.742653902213520212e+02
8.550000000000000711e+00 1.737550951574024509e+02
8.599999999999999645e+00 1.732492568347095414e+02
8.650000000000000355e+00 1.727478107559767011e+02
8.699999999999999289e+00 1.722506937231415804e+02
8.750000000000000000e+00 1.717578438039192008e+02
8.800000000000000711e+00 1.712692002993920255e+02
8.849999999999999645e+00 1.707847037126084899e+02
8.900000000000000355e+00 1.703042957181534689e+02
8.949999999999999289e+00 1.698279191326545572e+02
9.000000000000000000e+00 1.693555178861913362e+02
9.050000000000000711e+00 1.688870369945742880e+02
9.099999999999999645e+00 1.684224225324626332e+02
9.150000000000000355e+00 1.679616216072912778e+02
9.199999999999999289e+00 1.675045823339783055e+02
9.250000000000000000e+00 1.670512538103851057e+02
9.300000000000000711e+00 1.666015860935034709e+02
9.349999999999999645e+00 1.661555301763438024e+02
9.400000000000000355e+00 1.657130379655004617e+02
9.449999999999999289e+00 1.652740622593707656e+02
9.500000000000000000e+00 1.648385567270053969e+02
9.550000000000000711e+00 1.644064758875686891e+02
9.599999999999999645e+00 1.639777750903878655e+02
9.650000000000000355e+00 1.635524104955717064e+02
9.699999999999999289e+00 1.631303390551794337e+02
9.750000000000000000e+00 1.627115184949213926e+02
9.800000000000000711e+00 1.622959072963737128e+02
9.849999999999999645e+00 1.618834646796904337e+02
9.900000000000000355e+00 1.614741505867962132e+02
9.949999999999999289e+00 1.610679256650444131e+02
1.000000000000000000e+01 1.606647512513247875e+02
1.005000000000000071e+01 1.602645893566069617e+02
1.009999999999999964e+01 1.598674026509050350e+02
1.015000000000000036e+01 1.594731544486501491e+02
1.019999999999999929e+01 1.590818086944578056e+02
1.025000000000000000e+01 1.586933299492776825e+02
1.030000000000000071e+01 1.583076833769135874e+02
1.034999999999999964e+01 1.579248347309018925e+02
1.040000000000000036e+01 1.575447503417376822e+02
1.044999999999999929e+01 1.571673971044370433e+02
1.050000000000000000e+01 1.567927424664258069e+02
1.055000000000000071e+01 1.564207544157443124e+02
1.059999999999999964e+01 1.560514014695583569e+02
1.065000000000000036e+01 1.556846526629673804e+02
1.069999999999999929e+01 1.553204775381006186e+02
1.075000000000000000e+01 1.549588461334922442e+02
1.080000000000000071e+01 1.545997289737277356e+02
1.084999999999999964e+01 1.542430970593526922e+02
1.090000000000000036e+01 1.538889218570367632e+02
1.094999999999999929e+01 1.535371752899846172e+02
1.100000000000000000e+01 1.531878297285871611e+02
1.105000000000000071e+01 1.528408579813055326e+02
1.109999999999999964e+01 1.524962332857812441e+02
1.115000000000000036e+01 1.521539293001659132e+02
1.119999999999999929e+01 1.518139200946638994e+02
1.125000000000000000e+01 1.514761801432821358e+02
1.130000000000000071e+01 1.511406843157809021e+02
1.134999999999999964e+01 1.508074078698197127e+02
1.140000000000000036e+01 1.504763264432930043e+02
1.144999999999999929e+01 1.501474160468501395e+02
1.150000000000000000e+01 1.498206530565943524e+02
1.155000000000000071e+01 1.494960142069556923e+02
1.159999999999999964e+01 1.491734765837333612e+02
1.165000000000000036e+01 1.488530176173022426e+02
1.169999999999999929e+01 1.485346150759791612e+02
1.175000000000000000e+01 1.482182470595449786e+02
1.180000000000000071e+01 1.479038919929175222e+02
1.184999999999999964e+01 1.475915286199713137e+02
1.190000000000000036e+01 1.472811359975008827e+02
1.194999999999999929e+01 1.469726934893224950e+02
1.200000000000000000e+01 1.466661807605115939e+02
1.205000000000000071e+01 1.463615777717717208e+02
1.209999999999999964e+01 1.460588647739316457e+02
1.215000000000000036e+01 1.457580223025669852e+02
1.219999999999999929e+01 1.454590311727435221e+02
1.225000000000000000e+01 1.451618724738783328e+02
1.230000000000000071e+01 1.448665275647159092e+02
1.234999999999999964e+01 1.445729780684167451e+02
1.240000000000000036e+01 1.442812058677542666e+02
1.244999999999999929e+01 1.439911931004184282e+02
1.250000000000000000e+01 1.437029221544226516e+02
1.255000000000000071e+01 1.434163756636114329e+02
1.259999999999999964e+01 1.431315365032660054e+02
1.265000000000000036e+01 1.428483877858060112e+02
1.269999999999999929e+01 1.425669128565837696e+02
1.275000000000000000e+01 1.422870952897698942e+02
1.280000000000000071e+01 1.420089188843270165e+02
1.284999999999999964e+01 1.417323676600699685e+02
1.290000000000000036e+01 1.414574258538098377e+02
1.294999999999999929e+01 1.411840779155803034e+02
1.300000000000000000e+01 1.409123085049434678e+02
1.305000000000000071e+01 1.406421024873740464e+02
1.309999999999999964e+01 1.403734449307190459e+02
1.315000000000000036e+01 1.401063211017320782e+02
1.319999999999999929e+01 1.398407164626794668e+02
1.325000000000000000e+01 1.395766166680172375e+02
1.330000000000000071e+01 1.393140075611365489e+02
1.334999999999999964e+01 1.390528751711766802e+02
1.340000000000000036e+01 1.387932057099027929e+02
1.344999999999999929e+01 1.385349855686484375e+02
1.350000000000000000e+01 1.382782013153195919e+02
1.355000000000000071e+01 1.380228396914601774e+02
1.359999999999999964e+01 1.377688876093766339e+02
1.365000000000000036e+01 1.375163321493205331e+02
1.369999999999999929e+01 1.372651605567278921e+02
1.375000000000000000e+01 1.370153602395136261e+02
1.380000000000000071e+01 1.367669187654200584e+02
1.384999999999999964e+01 1.365198238594181248e+02
1.390000000000000036e+01 1.362740634011599354e+02
1.394999999999999929e+01 1.360296254224817574e+02
1.400000000000000000e+01 1.357864981049559105e+02
1.405000000000000071e+01 1.355446697774907818e+02
1.409999999999999964e+01 1.353041289139775927e+02
1.415000000000000036e+01 1.350648641309829827e+02
1.419999999999999929e+01 1.348268641854864143e+02
1.425000000000000000e+01 1.345901179726609485e+02
1.430000000000000071e+01 1.343546145236970801e+02
1.434999999999999964e+01 1.341203430036683528e+02
1.440000000000000036e+01 1.338872927094373324e+02
1.444999999999999929e+01 1.336554530676018828e+02
1.450000000000000000e+01 1.334248136324803511e+02
1.455000000000000071e+01 1.331953640841347237e+02
1.459999999999999964e+01 1.329670942264310725e+02
1.465000000000000036e+01 1.327399939851366639e+02
1.469999999999999929e+01 1.325140534060523407e+02
1.475000000000000000e+01 1.322892626531801454e+02
1.480000000000000071e+01 1.320656120069246811e+02
1.484999999999999964e+01 1.318430918623278956e+02
1.490000000000000036e+01 1.316216927273367219e+02
1.494999999999999929e+01 1.314014052211022374e+02
1.500000000000000000e+01 1.311822200723103151e+02
1.505000000000000071e+01 1.309641281175425149e+02
1.509999999999999964e+01 1.307471202996673298e+02
1.515000000000000036e+01 1.305311876662600810e+02
1.519999999999999929e+01 1.303163213680518311e+02
1.525000000000000000e+01 1.301025126574062085e+02
1.530000000000000071e+01 1.298897528868234019e+02
1.534999999999999964e+01 1.296780335074713548e+02
1.540000000000000036e+01 1.294673460677429659e+02
1.544999999999999929e+01 1.292576822118389259e+02
1.550000000000000000e+01 1.290490336783760199e+02
1.555000000000000071e+01 1.288413922990196738e+02
1.559999999999999964e+01 1.286347499971410002e+02
1.565000000000000036e+01 1.284290987864972635e+02
1.569999999999999929e+01 1.282244307699353101e+02
1.575000000000000000e+01 1.280207381381181335e+02
1.580000000000000071e+01 1.278180131682731826e+02
1.584999999999999964e+01 1.276162482229624828e+02
1.590000000000000036e+01 1.274154357488743159e+02
1.594999999999999929e+01 1.272155682756353343e+02
1.600000000000000000e+01 1.270166384146435092e+02
1.605000000000000071e+01 1.268186388579208312e+02
1.610000000000000142e+01 1.266215623769856364e+02
1.614999999999999858e+01 1.264254018217443729e+02
1.619999999999999929e+01 1.262301501194017845e+02
1.625000000000000000e+01 1.260358002733901515e+02
1.630000000000000071e+01 1.258423453623158963e+02
1.635000000000000142e+01 1.256497785389245223e+02
1.639999999999999858e+01 1.254580930290826046e+02
1.644999999999999929e+01 1.252672821307768913e+02
1.650000000000000000e+01 1.250773392131300739e+02
1.655000000000000071e+01 1.248882577154330420e+02
1.660000000000000142e+01 1.247000311461929414e+02
1.664999999999999858e+01 1.245126530821972892e+02
1.669999999999999929e+01 1.243261171675931536e+02
1.675000000000000000e+01 1.241404171129818508e+02
1.680000000000000071e+01 1.239555466945280671e+02
1.685000000000000142e+01 1.237714997530838730e+02
1.689999999999999858e+01 1.235882701933267640e+02
1.694999999999999929e+01 1.234058519829118978e+02
1.700000000000000000e+01 1.232242391516378746e+02
